x,y
-0.18462594383942776,-0.006257604279549209
-0.8892679197762798,-0.6141417949570519
0.5770697549735053,0.18168017622723545
-0.4253896304213083,-0.07467628672700963
-0.0992988260654577,-0.0009775036746085617
-0.39217538931846896,-0.0587828780342251
0.052799048594290854,0.00014712161667979057
0.24762442576937338,0.01502910098996961
0.5535509154499147,0.16108768905960236
0.37248329073291475,0.050492969999212156
0.9618777263756102,0.7589182486699244
0.2016321844318263,0.008142032307110905
0.6279370398859911,0.23164490824142692
0.41729030432639735,0.07057272186154394
-0.9449306393549348,-0.723651501047959
0.8085344344634557,0.47282565277129357
-0.10019029749274111,-0.0010040380546487595
-0.7621506919949905,-0.4010809303954229
0.6706003518942925,0.27947196568467236
-0.5955035474304318,-0.19891798027075025
